-0.000589285603284
-0.000748106636982
-4.63204785328
-0.000311495947041
0.000805111141904
-0.000711513405582
0.000726019630384
0.00058575869449
-0.000932329576682
-0.000461774064281
0.000121869267621
-0.000781802455247
-0.000448962789398
-0.000452867851864
0.00070923819137
0.000907040115653
0.000469850474809
-0.000494969871993
-0.000698259998142
-0.000926909076536
-0.000373941105676
3.47608281566e-05
7.79745768099
5.40358212217
20.5943802846
-13.8886310204
0.572431273506
3.3772143852e-05
0.00020719471187
1.19665532904
7.66844684931
-0.59641864129
-0.000667286151742
1.54447018923
-26.9697666828
2.31491620708
7.81951130891
-4.67296861435
0.771920956283
0.720978254073
9.26264768624
-0.645305148086
-28.8197728313
-17.599795655
-0.000672471711799
0.000516665155391
0.000984671981666
0.000443994912367
1.54455481733
0.000310606365396
0.000197115569924
